37
49
178
184
241
243
246
254
272
356
369
379
453
456
527
661
666
706
838
851
953
975
1027
1028
1032
1036
1076
1082
1114
1119
1176
1195
1200
1206
1249
1337
1349
1413
1456
1546
1555
1582
1760
1777
1811
1822
1834
1932
2041
2058
2106
2127
2152
2185
2194
2223
2275
2319
2335
2373
2413
2426
2427
2533
2538
2578
2580
2599
2617
2651
2670
2675
2690
2714
2847
2856
2914
2923
3009
3122
3188
3235
3258
3309
3323
3342
3394
3397
3418
3437
3505
3525
3598
3619
3624
3677
3746
3861
3907
3918
